167301
4616
5763
160517
161029
161723
161121
160631
4597
160418
4598
1594
1595
168205
240019
6697
4855
4854
161033
160716
240016
20021
165521
161724
5826
5229
530010
835
502020
502048
6220
5737
1237
6221
1548
1549
5825
5983
1051
5881
5880
519027
6502
6503
502040
2334
2335
1663
310398
519671
3194
519686
6063
6265
161211
164508
161032
501067
501068
160814
163407
1186
217027
1539
501025
213010
4805
519100
450008
971
162307
410008
1410
320010
202211
165312
163808
540012
5691
950
979
176
311
162509
168204
165310
1975
240014
5662
5663
50013
501050
2300
3261
1469
3262
2979
5502
40180
399001
519180
161607
6193
6194
6726
6257
4476
110003
4272
5268
4746
4273
3015
1015
3579
167503
312
166402
313
161811
168201
1016
100038
4190
3191
4191
6020
6021
6081
160638
3190
1707
470007
200002
6080
4686
6803
1188
1520
6343
1725
6344
673100
673101
4716
3876
985
4640
3634
161030
1974
4730
165523
110030
165515
166802
519965
411
310318
100053
4484
2310
2315
1956
4485
656
5870
4997
975
4995
160925
5035
320014
5036
512
6868
4925
5832
6293
6286
270010
2987
502013
501060
501061
501045
5761
5530
50002
5762
6698
2385
6704
501043
6705
110020
6699
5034
660008
5788
202015
1208
577
4342
6034
160706
460300
180033
5789
5639
51
613
160724
160417
6131
5033
5267
961
5918
165309
5640
3548
1528
162107
481009
20011
6937
162213
6600
4354
1008
165524
5829
160225
5707
165806
6525
6524
5310
5830
5970
5628
3622
3623
5629
5894
2670
2671
1426
1420
3884
161207
160807
3885
160806
5568
5567
1397
4482
5669
4483
6349
5495
5555
5554
6350
5496
160615
418
519975
161025
1291
40190
1678
3475
7039
5868
5869
167601
501301
519300
163116
1588
1319
6228
1589
160636
6478
6229
160224
40002
217019
1195
1713
2977
1677
309
1133
7028
7029
519032
519931
5927
5802
1714
5113
5612
2236
3359
5747
5928
2210
2952
5114
161816
519673
3865
6119
5748
1044
3853
4098
5885
161026
3366
160136
160137
360001
376510
5563
5564
502006
4403
5339
320020
540006
1718
6439
5565
4404
5566
5279
6438
326
530015
501057
501058
1490
3986
5561
5562
161031
5457
1790
530018
1637
1277
6196
6197
519116
6578
6579
549
368
161631
1028
1416
1047
1048
160516
370023
6603
160620
6351
6352
740101
2168
160625
161715
6593
1825
1553
6594
1878
1552
70023
756
5998
6560
3646
5414
5415
925
457
6561
217017
3647
974
519034
6713
4593
6712
1242
2387
160322
1361
3318
3984
4788
4789
3985
6129
6130
4945
2900
4347
1166
163110
4606
2229
5962
1685
501310
628
164821
5963
2332
471
1917
202021
2333
5813
4346
160640
5224
160133
3416
5814
481012
5037
1072
5223
5038
110022
955
5051
1126
240005
1104
746
164205
1617
1577
1618
519117
5052
688
893
690008
5063
1616
978
793
6346
161037
5064
4350
42
673090
82
6347
165525
161039
167702
501309
165522
340006
1193
3232
6165
6195
167703
3233
6166
161819
585001
540010
778
1692
4192
1849
2588
4193
501311
2121
1651
161213
1736
6614
110021
4743
1245
460220
916
162907
2510
6748
5994
7089
5189
2697
5188
2311
2621
6487
6486
162413
1645
2316
1009
100032
161123
3578
161812
502000
751
409
3016
5062
1877
1719
1764
1696
5795
696
5515
5516
163821
6783
942
90010
6784
2974
162510
5106
6687
161028
217016
6688
697
161604
160221
1630
1050
1629
4742
161907
110019
5777
1421
960
5009
1496
4432
2906
4433
2907
1579
519935
478
5633
162714
161217
519706
165520
501059
501023
3312
162416
161017
320022
161227
50024
1409
165511
470068
161036
501303
1064
6048
2984
540008
501307
4996
1726
828
6341
164401
501308
6342
160626
162208
3624
1476
1214
3625
590007
1899
270026
6214
233010
6087
501037
4533
1455
4532
501012
410010
6215
501036
1052
163111
501011
761
5569
1938
248
4241
5965
5966
5570
164809
968
2982
1482
1039
1054
161118
163109
8
729
202017
1241
70039
6246
160616
160630
4345
5620
161612
3524
5621
660011
5807
5808
5919
257060
962
160119
4348
376
1230
4790
4791
3145
4813
3745
1344
501069
163114
2903
4194
180003
162711
501306
4812
501305
3053
5313
165519
6818
373
4195
6819
3054
5314
202025
1043
991
1556
5209
884
165707
1557
160135
5210
700002
160634
164820
1626
1042
164402
164819
1628
160639
1351
6611
5237
70030
3230
1542
3231
519677
5238
540009
160127
1672
3017
540007
206010
5693
164304
5702
3702
206005
1541
290010
513
160219
90012
826
827
502036
4698
5960
160808
167705
167706
5961
5803
4450
1576
5804
160422
161718
5240
501019
1583
501029
5635
5125
5239
5770
854
5636
803
450009
3956
160643
502003
2199
5288
161024
519606
5287
4851
501010
3298
501009
2980
161628
163115
160222
1396
1879
596
6928
2978
1180
160420
592
160635
4292
3069
163118
5607
3299
3834
5608
2861
162216
164811
164825
1404
5259
501031
501030
1605
3492
1521
6098
1105
164908
1113
4344
1643
866
501005
501006
2289
1644
163209
1223
1313
206012
4075
1027
5236
5235
996
501047
501048
5303
867
161035
5304
1171
1733
5968
160223
501016
161022
5969
4069
4070
5873
5874
50021
5390
4752
161629
1766
5391
4753
161223
4642
110026
4643
1781
59
4744
6569
2656
1070
160919
163119
1592
4343
6248
1638
1551
1550
1593
1631
6249
1632
3766
161613
1705
3765
163113
160419
1162
1703
6002
502053
161027
1915
502010
6003
160637
161726
5328
5660
5661
1036
161720
1167
4683
831
711
1163
6816
6817
524
1178
1097
6138
160633
5161
2595
5112
586
161122
164818
671030
913
161725
160629
160218
519193
160632
4857
1717
4856
4040
4041
780
168203
1473
502023
1040
594
1158
162412
160628
502056
399011
501008
501007
6692
6693
4352
5402
1236
2556
519714
161721
168001
6931
6930
